10 15
17
C 10 1
C 1 15
V 1 9
T 1 13
C 2 3
T 3 1
V 3 8
C 3 14
F 4 5
F 5 12
T 6 3
T 7 10
C 8 2
V 8 6
T 8 15
C 9 13
T 10 3
0 0 0 0 0 0 0 0 0 0 0 0 1 0 0 0 1
0 0 0 1 0 0 0 1 0 0 0 0 0 0 0 0 0
0 0 0 1 0 0 1 1 0 0 0 0 0 0 0 0 0
0 1 1 0 0 0 0 1 0 0 0 0 0 0 0 0 0
0 0 0 0 0 1 1 0 1 0 0 0 0 0 0 0 0
0 0 0 0 1 0 0 0 1 0 1 0 0 0 0 0 0
0 0 1 0 1 0 0 1 1 1 0 0 0 0 0 0 0
0 1 1 1 0 0 1 0 0 1 0 0 0 0 1 0 0
0 0 0 0 1 1 1 0 0 1 1 1 0 0 0 0 0
0 0 0 0 0 0 1 1 1 0 0 1 0 0 1 0 0
0 0 0 0 0 1 0 0 1 0 0 1 1 1 0 0 0
0 0 0 0 0 0 0 0 1 1 1 0 0 1 0 1 0
1 0 0 0 0 0 0 0 0 0 1 0 0 1 0 0 1
0 0 0 0 0 0 0 0 0 0 1 1 1 0 0 0 1
0 0 0 0 0 0 0 1 0 1 0 0 0 0 0 1 0
0 0 0 0 0 0 0 0 0 0 0 1 0 0 1 0 0
1 0 0 0 0 0 0 0 0 0 0 0 1 1 0 0 0
1 20 2 15 60 0 1 1
2 10 1 10 40 0 1 1
2 20 4 20 50 1 1 1
2 30 4 30 50 1 1 1
0 40 1 10 40 0 1 1
0 30 1 5 20 1 1 1
2 54 1 5 20 0 1 1
2 0 1 10 40 0 0 1
0 80 1 10 20 0 1 1
2 36 1 10 20 0 1 1
0 30 1 5 20 1 1 1
1 10 2 10 30 1 1 1
1 20 2 15 60 0 1 1
1 10 2 10 30 0 1 1
0 8 1 5 20 1 1 1
1 30 1 10 40 0 1 1
1 10 2 10 30 1 1 1
2
1 2
1 13 17 14 12 16
4 3 2 7 8 10
H E
E